41.wav,"Schwalbenschwanz"
